36
1,2,33
1,3,27
1,4,34
1,5,65
1,6,93
1,7,145
1,8,23
1,9,37
1,10,23
1,11,38
1,12,38
1,13,141
1,14,123
1,15,201
1,16,141
1,17,126
1,18,161
1,19,126
1,20,108
1,21,78
1,22,92
1,23,38
1,24,123
1,25,120
1,26,170
1,27,105
1,28,129
1,29,133
1,30,101
1,31,150
1,32,161
1,33,138
1,34,156
1,35,169
1,36,147
2,3,28
2,4,35
2,5,42
2,6,94
2,7,172
2,8,50
2,9,64
2,10,51
2,11,47
2,12,65
2,13,141
2,14,91
2,15,204
2,16,169
2,17,154
2,18,164
2,19,154
2,20,137
2,21,103
2,22,122
2,23,47
2,24,91
2,25,149
2,26,201
2,27,113
2,28,133
2,29,101
2,30,110
2,31,179
2,32,189
2,33,166
2,34,183
2,35,198
2,36,176
3,4,11
3,5,69
3,6,71
3,7,166
3,8,44
3,9,57
3,10,44
3,11,72
3,12,59
3,13,174
3,14,109
3,15,198
3,16,156
3,17,140
3,18,158
3,19,141
3,20,124
3,21,90
3,22,109
3,23,34
3,24,107
3,25,136
3,26,186
3,27,101
3,28,125
3,29,117
3,30,96
3,31,166
3,32,177
3,33,154
3,34,171
3,35,185
3,36,163
4,5,71
4,6,66
4,7,174
4,8,52
4,9,66
4,10,53
4,11,73
4,12,67
4,13,172
4,14,120
4,15,184
4,16,162
4,17,147
4,18,144
4,19,148
4,20,132
4,21,81
4,22,116
4,23,32
4,24,125
4,25,143
4,26,193
4,27,88
4,28,113
4,29,136
4,30,88
4,31,174
4,32,183
4,33,162
4,34,178
4,35,193
4,36,171
5,6,192
5,7,114
5,8,83
5,9,97
5,10,70
5,11,43
5,12,94
5,13,112
5,14,54
5,15,170
5,16,211
5,17,186
5,18,130
5,19,206
5,20,189
5,21,141
5,22,154
5,23,85
5,24,65
5,25,187
5,26,225
5,27,134
5,28,98
5,29,75
5,30,130
5,31,218
5,32,213
5,33,189
5,34,230
5,35,209
5,36,212
6,7,235
6,8,112
6,9,126
6,10,113
6,11,133
6,12,127
6,13,213
6,14,157
6,15,172
6,16,211
6,17,196
6,18,137
6,19,197
6,20,180
6,21,137
6,22,164
6,23,80
6,24,169
6,25,192
6,26,240
6,27,40
6,28,70
6,29,184
6,30,39
6,31,222
6,32,231
6,33,210
6,34,226
6,35,241
6,36,220
7,8,137
7,9,124
7,10,133
7,11,151
7,12,109
7,13,107
7,14,235
7,15,342
7,16,49
7,17,39
7,18,301
7,19,30
7,20,45
7,21,150
7,22,92
7,23,177
7,24,160
7,25,53
7,26,73
7,27,243
7,28,268
7,29,184
7,30,249
7,31,45
7,32,64
7,33,65
7,34,60
7,35,116
7,36,80
8,9,14
8,10,38
8,11,61
8,12,38
8,13,154
8,14,156
8,15,231
8,16,158
8,17,136
8,18,190
8,19,140
8,20,122
8,21,51
8,22,88
8,23,54
8,24,151
8,25,132
8,26,181
8,27,135
8,28,159
8,29,147
8,30,100
8,31,162
8,32,171
8,33,148
8,34,165
8,35,181
8,36,158
9,10,36
9,11,67
9,12,24
9,13,136
9,14,167
9,15,248
9,16,139
9,17,118
9,18,207
9,19,122
9,20,104
9,21,59
9,22,61
9,23,72
9,24,169
9,25,105
9,26,164
9,27,149
9,28,175
9,29,130
9,30,121
9,31,135
9,32,155
9,33,132
9,34,150
9,35,164
9,36,116
10,11,31
10,12,25
10,13,131
10,14,134
10,15,209
10,16,134
10,17,113
10,18,168
10,19,117
10,20,99
10,21,81
10,22,80
10,23,48
10,24,130
10,25,108
10,26,158
10,27,112
10,28,138
10,29,119
10,30,129
10,31,139
10,32,149
10,33,126
10,34,144
10,35,157
10,36,135
11,12,56
11,13,137
11,14,134
11,15,243
11,16,165
11,17,145
11,18,203
11,19,148
11,20,130
11,21,114
11,22,111
11,23,85
11,24,129
11,25,139
11,26,188
11,27,148
11,28,172
11,29,138
11,30,146
11,31,170
11,32,178
11,33,161
11,34,176
11,35,189
11,36,163
12,13,125
12,14,155
12,15,247
12,16,128
12,17,108
12,18,206
12,19,111
12,20,93
12,21,89
12,22,74
12,23,86
12,24,86
12,25,162
12,26,151
12,27,149
12,28,175
12,29,112
12,30,148
12,31,133
12,32,141
12,33,124
12,34,139
12,35,152
12,36,129
13,14,130
13,15,276
13,16,95
13,17,88
13,18,238
13,19,92
13,20,73
13,21,178
13,22,102
13,23,148
13,24,52
13,25,112
13,26,113
13,27,211
13,28,207
13,29,78
13,30,209
13,31,127
13,32,98
13,33,74
13,34,113
13,35,93
13,36,156
14,15,180
14,16,223
14,17,217
14,18,139
14,19,220
14,20,201
14,21,190
14,22,208
14,23,137
14,24,79
14,25,338
14,26,241
14,27,186
14,28,147
14,29,55
14,30,185
14,31,255
14,32,226
14,33,202
14,34,241
14,35,221
14,36,257
15,16,342
15,17,320
15,18,42
15,19,324
15,20,306
15,21,259
15,22,286
15,23,206
15,24,230
15,25,314
15,26,392
15,27,197
15,28,104
15,29,223
15,30,210
15,31,346
15,32,352
15,33,353
15,34,354
15,35,372
15,36,340
16,17,45
16,18,297
16,19,20
16,20,44
16,21,171
16,22,103
16,23,175
16,24,148
16,25,70
16,26,32
16,27,238
16,28,264
16,29,174
16,30,239
16,31,82
16,32,20
16,33,27
16,34,20
16,35,75
16,36,126
17,18,282
17,19,31
17,20,29
17,21,125
17,22,57
17,23,160
17,24,144
17,25,22
17,26,74
17,27,223
17,28,249
17,29,209
17,30,220
17,31,39
17,32,61
17,33,45
17,34,61
17,35,103
17,36,84
18,19,284
18,20,266
18,21,219
18,22,246
18,23,166
18,24,190
18,25,274
18,26,352
18,27,162
18,28,69
18,29,183
18,30,174
18,31,306
18,32,337
18,33,313
18,34,314
18,35,331
18,36,300
19,20,29
19,21,156
19,22,88
19,23,160
19,24,143
19,25,54
19,26,48
19,27,223
19,28,249
19,29,169
19,30,253
19,31,67
19,32,36
19,33,38
19,34,36
19,35,93
19,36,112
20,21,137
20,22,70
20,23,143
20,24,126
20,25,53
20,26,73
20,27,205
20,28,231
20,29,152
20,30,232
20,31,68
20,32,61
20,33,34
20,34,62
20,35,90
20,36,115
21,22,69
21,23,73
21,24,190
21,25,111
21,26,200
21,27,163
21,28,188
21,29,180
21,30,95
21,31,143
21,32,188
21,33,171
21,34,187
21,35,201
21,36,123
22,23,137
22,24,138
22,25,42
22,26,131
22,27,188
22,28,214
22,29,165
22,30,162
22,31,74
22,32,116
22,33,102
22,34,118
22,35,131
22,36,53
23,24,134
23,25,152
23,26,201
23,27,106
23,28,132
23,29,147
23,30,104
23,31,183
23,32,189
23,33,175
23,34,190
23,35,202
23,36,176
24,25,151
24,26,163
24,27,194
24,28,157
24,29,28
24,30,193
24,31,177
24,32,148
24,33,125
24,34,164
24,35,143
24,36,195
25,26,95
25,27,217
25,28,243
25,29,179
25,30,205
25,31,31
25,32,82
25,33,66
25,34,82
25,35,124
25,36,62
26,27,267
26,28,316
26,29,186
26,30,267
26,31,110
26,32,20
26,33,59
26,34,47
26,35,61
26,36,156
27,28,95
27,29,211
27,30,77
27,31,250
27,32,259
27,33,244
27,34,259
27,35,270
27,36,244
28,29,171
28,30,106
28,31,274
28,32,281
28,33,281
28,34,282
28,35,299
28,36,268
29,30,203
29,31,202
29,32,172
29,33,149
29,34,188
29,35,168
29,36,219
30,31,235
30,32,254
30,33,263
30,34,255
30,35,266
30,36,215
31,32,97
31,33,79
31,34,99
31,35,139
31,36,69
32,33,50
32,34,38
32,35,63
32,36,148
33,34,44
33,35,59
33,36,130
34,35,87
34,36,143
35,36,185